{"alerts":[{"alert_type":"drawdown","coin":"ADA","message":"ADA 30d max drawdown: -26.7%","severity":"critical","value":-26.68},{"alert_type":"drawdown","coin":"ATOM","message":"ATOM 30d max drawdown: -20.3%","severity":"critical","value":-20.27},{"alert_type":"drawdown","coin":"AVAX","message":"AVAX 30d max drawdown: -24.8%","severity":"critical","value":-24.76},{"alert_type":"drawdown","coin":"BNB","message":"BNB 30d max drawdown: -32.6%","severity":"critical","value":-32.64},{"alert_type":"drawdown","coin":"BTC","message":"BTC 30d max drawdown: -25.9%","severity":"critical","value":-25.85},{"alert_type":"drawdown","coin":"DOGE","message":"DOGE 30d max drawdown: -24.6%","severity":"critical","value":-24.61},{"alert_type":"drawdown","coin":"DOT","message":"DOT 30d max drawdown: -28.4%","severity":"critical","value":-28.45},{"alert_type":"volatility","coin":"DOT","message":"DOT annualized volatility: 150.3% (threshold: 80.0%)","severity":"critical","value":150.32},{"alert_type":"drawdown","coin":"ETH","message":"ETH 30d max drawdown: -35.4%","severity":"critical","value":-35.36},{"alert_type":"drawdown","coin":"LINK","message":"LINK 30d max drawdown: -28.8%","severity":"critical","value":-28.75},{"alert_type":"drawdown","coin":"LTC","message":"LTC 30d max drawdown: -23.3%","severity":"critical","value":-23.32},{"alert_type":"drawdown","coin":"NEAR","message":"NEAR 30d max drawdown: -30.0%","severity":"critical","value":-30.03},{"alert_type":"volatility","coin":"NEAR","message":"NEAR annualized volatility: 122.0% (threshold: 80.0%)","severity":"critical","value":122.0},{"alert_type":"drawdown","coin":"XRP","message":"XRP 30d max drawdown: -32.8%","severity":"critical","value":-32.77},{"alert_type":"volatility","coin":"ADA","message":"ADA annualized volatility: 109.2% (threshold: 80.0%)","severity":"warning","value":109.23},{"alert_type":"volatility","coin":"ATOM","message":"ATOM annualized volatility: 82.0% (threshold: 80.0%)","severity":"warning","value":82.0},{"alert_type":"volatility","coin":"AVAX","message":"AVAX annualized volatility: 101.8% (threshold: 80.0%)","severity":"warning","value":101.76},{"alert_type":"volatility","coin":"BTC","message":"BTC annualized volatility: 83.0% (threshold: 80.0%)","severity":"warning","value":82.98},{"alert_type":"volatility","coin":"DOGE","message":"DOGE annualized volatility: 111.2% (threshold: 80.0%)","severity":"warning","value":111.19},{"alert_type":"volatility","coin":"ETH","message":"ETH annualized volatility: 104.3% (threshold: 80.0%)","severity":"warning","value":104.35},{"alert_type":"volatility","coin":"LINK","message":"LINK annualized volatility: 100.8% (threshold: 80.0%)","severity":"warning","value":100.79},{"alert_type":"volatility","coin":"LTC","message":"LTC annualized volatility: 85.3% (threshold: 80.0%)","severity":"warning","value":85.31},{"alert_type":"volatility","coin":"XRP","message":"XRP annualized volatility: 117.6% (threshold: 80.0%)","severity":"warning","value":117.64},{"alert_type":"portfolio_var","coin":"PORTFOLIO","message":"Portfolio 1-day VaR(95%): -5.3% - elevated risk","severity":"warning","value":-5.28},{"alert_type":"correlation","coin":"ADA/AVAX","message":"High correlation (0.91) between ADA and AVAX - limited diversification","severity":"info","value":0.9114},{"alert_type":"correlation","coin":"ADA/DOGE","message":"High correlation (0.92) between ADA and DOGE - limited diversification","severity":"info","value":0.9231},{"alert_type":"correlation","coin":"ADA/LINK","message":"High correlation (0.93) between ADA and LINK - limited diversification","severity":"info","value":0.9281},{"alert_type":"correlation","coin":"ADA/NEAR","message":"High correlation (0.92) between ADA and NEAR - limited diversification","severity":"info","value":0.9195},{"alert_type":"correlation","coin":"AVAX/LINK","message":"High correlation (0.92) between AVAX and LINK - limited diversification","severity":"info","value":0.9151},{"alert_type":"correlation","coin":"AVAX/NEAR","message":"High correlation (0.91) between AVAX and NEAR - limited diversification","severity":"info","value":0.9098},{"alert_type":"correlation","coin":"BNB/BTC","message":"High correlation (0.90) between BNB and BTC - limited diversification","severity":"info","value":0.9036},{"alert_type":"correlation","coin":"BNB/LINK","message":"High correlation (0.90) between BNB and LINK - limited diversification","severity":"info","value":0.9024},{"alert_type":"correlation","coin":"BTC/ETH","message":"High correlation (0.92) between BTC and ETH - limited diversification","severity":"info","value":0.9161},{"alert_type":"correlation","coin":"DOT/NEAR","message":"High correlation (0.93) between DOT and NEAR - limited diversification","severity":"info","value":0.9268},{"alert_type":"correlation","coin":"ETH/LINK","message":"High correlation (0.94) between ETH and LINK - limited diversification","severity":"info","value":0.9398},{"alert_type":"correlation","coin":"LINK/LTC","message":"High correlation (0.91) between LINK and LTC - limited diversification","severity":"info","value":0.906},{"alert_type":"correlation","coin":"LINK/NEAR","message":"High correlation (0.91) between LINK and NEAR - limited diversification","severity":"info","value":0.9075},{"alert_type":"correlation","coin":"LTC/NEAR","message":"High correlation (0.91) between LTC and NEAR - limited diversification","severity":"info","value":0.9104}],"concentration":{"btc_weight_pct":0,"eth_weight_pct":0,"top3_coins":[],"top3_weight_pct":0,"total_market_cap_usd":0,"warnings":["Could not fetch market cap data from CoinGecko"]},"correlation_matrix":{"coins":["ADA","ATOM","AVAX","BNB","BTC","DOGE","DOT","ETH","LINK","LTC","NEAR","XRP"],"values":[[1.0,0.6999,0.9114,0.8256,0.8259,0.9231,0.8995,0.8695,0.9281,0.89,0.9195,0.837],[0.6999,1.0,0.6917,0.6179,0.6075,0.6774,0.5661,0.6221,0.6738,0.6761,0.668,0.6093],[0.9114,0.6917,1.0,0.8373,0.8374,0.8764,0.8825,0.8717,0.9151,0.8801,0.9098,0.7827],[0.8256,0.6179,0.8373,1.0,0.9036,0.8075,0.7677,0.8956,0.9024,0.8519,0.831,0.8207],[0.8259,0.6075,0.8374,0.9036,1.0,0.7913,0.7271,0.9161,0.8972,0.8494,0.8182,0.8898],[0.9231,0.6774,0.8764,0.8075,0.7913,1.0,0.8165,0.8187,0.8736,0.8327,0.8513,0.8287],[0.8995,0.5661,0.8825,0.7677,0.7271,0.8165,1.0,0.797,0.8663,0.8591,0.9268,0.6951],[0.8695,0.6221,0.8717,0.8956,0.9161,0.8187,0.797,1.0,0.9398,0.8474,0.8565,0.8387],[0.9281,0.6738,0.9151,0.9024,0.8972,0.8736,0.8663,0.9398,1.0,0.906,0.9075,0.851],[0.89,0.6761,0.8801,0.8519,0.8494,0.8327,0.8591,0.8474,0.906,1.0,0.9104,0.7985],[0.9195,0.668,0.9098,0.831,0.8182,0.8513,0.9268,0.8565,0.9075,0.9104,1.0,0.7813],[0.837,0.6093,0.7827,0.8207,0.8898,0.8287,0.6951,0.8387,0.851,0.7985,0.7813,1.0]]},"individual_risk":{"ADA":{"cvar_95_1d":-8.69,"max_dd_30d":-26.68,"var_95_1d":-6.31,"volatility_30d":109.23},"ATOM":{"cvar_95_1d":-7.22,"max_dd_30d":-20.27,"var_95_1d":-5.81,"volatility_30d":82.0},"AVAX":{"cvar_95_1d":-9.08,"max_dd_30d":-24.76,"var_95_1d":-5.86,"volatility_30d":101.76},"BNB":{"cvar_95_1d":-7.87,"max_dd_30d":-32.64,"var_95_1d":-4.1,"volatility_30d":79.48},"BTC":{"cvar_95_1d":-7.15,"max_dd_30d":-25.85,"var_95_1d":-4.51,"volatility_30d":82.98},"DOGE":{"cvar_95_1d":-9.27,"max_dd_30d":-24.61,"var_95_1d":-5.99,"volatility_30d":111.19},"DOT":{"cvar_95_1d":-9.22,"max_dd_30d":-28.45,"var_95_1d":-6.53,"volatility_30d":150.32},"ETH":{"cvar_95_1d":-9.21,"max_dd_30d":-35.36,"var_95_1d":-6.33,"volatility_30d":104.35},"LINK":{"cvar_95_1d":-8.26,"max_dd_30d":-28.75,"var_95_1d":-5.94,"volatility_30d":100.79},"LTC":{"cvar_95_1d":-8.18,"max_dd_30d":-23.32,"var_95_1d":-5.38,"volatility_30d":85.31},"NEAR":{"cvar_95_1d":-11.39,"max_dd_30d":-30.03,"var_95_1d":-7.67,"volatility_30d":122.0},"XRP":{"cvar_95_1d":-8.47,"max_dd_30d":-32.77,"var_95_1d":-5.03,"volatility_30d":117.64}},"portfolio_summary":{"portfolio_cvar_95_1d":-8.14,"portfolio_var_95_1d":-5.28,"risk_level":"CRITICAL","total_coins":12},"timestamp":"2026-02-27T07:01:10.552240"}
