{"alerts":[{"alert_type":"drawdown","coin":"ADA","message":"ADA 30d max drawdown: -31.6%","severity":"critical","value":-31.57},{"alert_type":"drawdown","coin":"ATOM","message":"ATOM 30d max drawdown: -22.0%","severity":"critical","value":-21.97},{"alert_type":"drawdown","coin":"AVAX","message":"AVAX 30d max drawdown: -31.2%","severity":"critical","value":-31.21},{"alert_type":"drawdown","coin":"BNB","message":"BNB 30d max drawdown: -35.2%","severity":"critical","value":-35.2},{"alert_type":"drawdown","coin":"BTC","message":"BTC 30d max drawdown: -29.7%","severity":"critical","value":-29.69},{"alert_type":"drawdown","coin":"DOGE","message":"DOGE 30d max drawdown: -29.3%","severity":"critical","value":-29.3},{"alert_type":"drawdown","coin":"DOT","message":"DOT 30d max drawdown: -33.6%","severity":"critical","value":-33.63},{"alert_type":"volatility","coin":"DOT","message":"DOT annualized volatility: 151.5% (threshold: 80.0%)","severity":"critical","value":151.51},{"alert_type":"drawdown","coin":"ETH","message":"ETH 30d max drawdown: -39.4%","severity":"critical","value":-39.41},{"alert_type":"drawdown","coin":"LINK","message":"LINK 30d max drawdown: -33.2%","severity":"critical","value":-33.17},{"alert_type":"drawdown","coin":"LTC","message":"LTC 30d max drawdown: -26.9%","severity":"critical","value":-26.95},{"alert_type":"drawdown","coin":"NEAR","message":"NEAR 30d max drawdown: -35.4%","severity":"critical","value":-35.36},{"alert_type":"volatility","coin":"NEAR","message":"NEAR annualized volatility: 122.3% (threshold: 80.0%)","severity":"critical","value":122.28},{"alert_type":"drawdown","coin":"XRP","message":"XRP 30d max drawdown: -36.4%","severity":"critical","value":-36.42},{"alert_type":"volatility","coin":"ADA","message":"ADA annualized volatility: 109.0% (threshold: 80.0%)","severity":"warning","value":108.96},{"alert_type":"volatility","coin":"ATOM","message":"ATOM annualized volatility: 82.9% (threshold: 80.0%)","severity":"warning","value":82.87},{"alert_type":"volatility","coin":"AVAX","message":"AVAX annualized volatility: 101.7% (threshold: 80.0%)","severity":"warning","value":101.74},{"alert_type":"volatility","coin":"BTC","message":"BTC annualized volatility: 83.0% (threshold: 80.0%)","severity":"warning","value":82.95},{"alert_type":"volatility","coin":"DOGE","message":"DOGE annualized volatility: 111.2% (threshold: 80.0%)","severity":"warning","value":111.17},{"alert_type":"volatility","coin":"ETH","message":"ETH annualized volatility: 104.3% (threshold: 80.0%)","severity":"warning","value":104.3},{"alert_type":"volatility","coin":"LINK","message":"LINK annualized volatility: 100.9% (threshold: 80.0%)","severity":"warning","value":100.88},{"alert_type":"volatility","coin":"LTC","message":"LTC annualized volatility: 85.3% (threshold: 80.0%)","severity":"warning","value":85.27},{"alert_type":"volatility","coin":"XRP","message":"XRP annualized volatility: 117.6% (threshold: 80.0%)","severity":"warning","value":117.62},{"alert_type":"portfolio_var","coin":"PORTFOLIO","message":"Portfolio 1-day VaR(95%): -5.3% - elevated risk","severity":"warning","value":-5.28},{"alert_type":"correlation","coin":"ADA/AVAX","message":"High correlation (0.91) between ADA and AVAX - limited diversification","severity":"info","value":0.9118},{"alert_type":"correlation","coin":"ADA/DOGE","message":"High correlation (0.92) between ADA and DOGE - limited diversification","severity":"info","value":0.9219},{"alert_type":"correlation","coin":"ADA/LINK","message":"High correlation (0.93) between ADA and LINK - limited diversification","severity":"info","value":0.9287},{"alert_type":"correlation","coin":"ADA/NEAR","message":"High correlation (0.91) between ADA and NEAR - limited diversification","severity":"info","value":0.9102},{"alert_type":"correlation","coin":"AVAX/LINK","message":"High correlation (0.92) between AVAX and LINK - limited diversification","severity":"info","value":0.9154},{"alert_type":"correlation","coin":"AVAX/NEAR","message":"High correlation (0.90) between AVAX and NEAR - limited diversification","severity":"info","value":0.9012},{"alert_type":"correlation","coin":"BNB/BTC","message":"High correlation (0.90) between BNB and BTC - limited diversification","severity":"info","value":0.9013},{"alert_type":"correlation","coin":"BTC/ETH","message":"High correlation (0.92) between BTC and ETH - limited diversification","severity":"info","value":0.9157},{"alert_type":"correlation","coin":"DOT/NEAR","message":"High correlation (0.92) between DOT and NEAR - limited diversification","severity":"info","value":0.9198},{"alert_type":"correlation","coin":"ETH/LINK","message":"High correlation (0.94) between ETH and LINK - limited diversification","severity":"info","value":0.9396},{"alert_type":"correlation","coin":"LINK/LTC","message":"High correlation (0.91) between LINK and LTC - limited diversification","severity":"info","value":0.906}],"concentration":{"btc_weight_pct":0,"eth_weight_pct":0,"top3_coins":[],"top3_weight_pct":0,"total_market_cap_usd":0,"warnings":["Could not fetch market cap data from CoinGecko"]},"correlation_matrix":{"coins":["ADA","ATOM","AVAX","BNB","BTC","DOGE","DOT","ETH","LINK","LTC","NEAR","XRP"],"values":[[1.0,0.6994,0.9118,0.8252,0.8266,0.9219,0.8995,0.8705,0.9287,0.8901,0.9102,0.8366],[0.6994,1.0,0.6917,0.6161,0.6058,0.6776,0.5708,0.6225,0.6746,0.6756,0.6642,0.6082],[0.9118,0.6917,1.0,0.8357,0.8374,0.8759,0.8823,0.872,0.9154,0.8801,0.9012,0.7823],[0.8252,0.6161,0.8357,1.0,0.9013,0.8106,0.7652,0.8956,0.8999,0.8527,0.81,0.8235],[0.8266,0.6058,0.8374,0.9013,1.0,0.7909,0.7255,0.9157,0.8969,0.8494,0.8087,0.8886],[0.9219,0.6776,0.8759,0.8106,0.7909,1.0,0.8173,0.8207,0.8735,0.8338,0.8353,0.8306],[0.8995,0.5708,0.8823,0.7652,0.7255,0.8173,1.0,0.7967,0.8664,0.8586,0.9198,0.6946],[0.8705,0.6225,0.872,0.8956,0.9157,0.8207,0.7967,1.0,0.9396,0.8487,0.8443,0.8398],[0.9287,0.6746,0.9154,0.8999,0.8969,0.8735,0.8664,0.9396,1.0,0.906,0.8994,0.8501],[0.8901,0.6756,0.8801,0.8527,0.8494,0.8338,0.8586,0.8487,0.906,1.0,0.8971,0.7998],[0.9102,0.6642,0.9012,0.81,0.8087,0.8353,0.9198,0.8443,0.8994,0.8971,1.0,0.764],[0.8366,0.6082,0.7823,0.8235,0.8886,0.8306,0.6946,0.8398,0.8501,0.7998,0.764,1.0]]},"individual_risk":{"ADA":{"cvar_95_1d":-8.69,"max_dd_30d":-31.57,"var_95_1d":-6.31,"volatility_30d":108.96},"ATOM":{"cvar_95_1d":-7.22,"max_dd_30d":-21.97,"var_95_1d":-5.81,"volatility_30d":82.87},"AVAX":{"cvar_95_1d":-9.08,"max_dd_30d":-31.21,"var_95_1d":-5.86,"volatility_30d":101.74},"BNB":{"cvar_95_1d":-7.87,"max_dd_30d":-35.2,"var_95_1d":-4.1,"volatility_30d":79.43},"BTC":{"cvar_95_1d":-7.15,"max_dd_30d":-29.69,"var_95_1d":-4.51,"volatility_30d":82.95},"DOGE":{"cvar_95_1d":-9.27,"max_dd_30d":-29.3,"var_95_1d":-5.99,"volatility_30d":111.17},"DOT":{"cvar_95_1d":-9.22,"max_dd_30d":-33.63,"var_95_1d":-6.53,"volatility_30d":151.51},"ETH":{"cvar_95_1d":-9.21,"max_dd_30d":-39.41,"var_95_1d":-6.33,"volatility_30d":104.3},"LINK":{"cvar_95_1d":-8.26,"max_dd_30d":-33.17,"var_95_1d":-5.94,"volatility_30d":100.88},"LTC":{"cvar_95_1d":-8.18,"max_dd_30d":-26.95,"var_95_1d":-5.38,"volatility_30d":85.27},"NEAR":{"cvar_95_1d":-11.39,"max_dd_30d":-35.36,"var_95_1d":-7.67,"volatility_30d":122.28},"XRP":{"cvar_95_1d":-8.47,"max_dd_30d":-36.42,"var_95_1d":-5.03,"volatility_30d":117.62}},"portfolio_summary":{"portfolio_cvar_95_1d":-8.14,"portfolio_var_95_1d":-5.28,"risk_level":"CRITICAL","total_coins":12},"timestamp":"2026-02-26T19:00:39.194510"}
