{"alerts":[{"alert_type":"drawdown","coin":"ADA","message":"ADA 30d max drawdown: -26.7%","severity":"critical","value":-26.68},{"alert_type":"drawdown","coin":"ATOM","message":"ATOM 30d max drawdown: -21.1%","severity":"critical","value":-21.14},{"alert_type":"drawdown","coin":"AVAX","message":"AVAX 30d max drawdown: -24.8%","severity":"critical","value":-24.76},{"alert_type":"drawdown","coin":"BNB","message":"BNB 30d max drawdown: -32.6%","severity":"critical","value":-32.64},{"alert_type":"drawdown","coin":"BTC","message":"BTC 30d max drawdown: -25.9%","severity":"critical","value":-25.85},{"alert_type":"drawdown","coin":"DOGE","message":"DOGE 30d max drawdown: -24.6%","severity":"critical","value":-24.61},{"alert_type":"drawdown","coin":"DOT","message":"DOT 30d max drawdown: -28.4%","severity":"critical","value":-28.45},{"alert_type":"volatility","coin":"DOT","message":"DOT annualized volatility: 150.3% (threshold: 80.0%)","severity":"critical","value":150.26},{"alert_type":"drawdown","coin":"ETH","message":"ETH 30d max drawdown: -35.4%","severity":"critical","value":-35.36},{"alert_type":"drawdown","coin":"LINK","message":"LINK 30d max drawdown: -28.8%","severity":"critical","value":-28.75},{"alert_type":"drawdown","coin":"LTC","message":"LTC 30d max drawdown: -23.3%","severity":"critical","value":-23.32},{"alert_type":"drawdown","coin":"NEAR","message":"NEAR 30d max drawdown: -30.0%","severity":"critical","value":-30.03},{"alert_type":"volatility","coin":"NEAR","message":"NEAR annualized volatility: 121.9% (threshold: 80.0%)","severity":"critical","value":121.88},{"alert_type":"drawdown","coin":"SOL","message":"SOL 30d max drawdown: -33.9%","severity":"critical","value":-33.89},{"alert_type":"volatility","coin":"ADA","message":"ADA annualized volatility: 109.3% (threshold: 80.0%)","severity":"warning","value":109.31},{"alert_type":"volatility","coin":"ATOM","message":"ATOM annualized volatility: 81.8% (threshold: 80.0%)","severity":"warning","value":81.77},{"alert_type":"volatility","coin":"AVAX","message":"AVAX annualized volatility: 102.1% (threshold: 80.0%)","severity":"warning","value":102.13},{"alert_type":"volatility","coin":"BTC","message":"BTC annualized volatility: 83.3% (threshold: 80.0%)","severity":"warning","value":83.28},{"alert_type":"volatility","coin":"DOGE","message":"DOGE annualized volatility: 111.3% (threshold: 80.0%)","severity":"warning","value":111.29},{"alert_type":"volatility","coin":"ETH","message":"ETH annualized volatility: 105.2% (threshold: 80.0%)","severity":"warning","value":105.2},{"alert_type":"volatility","coin":"LINK","message":"LINK annualized volatility: 101.5% (threshold: 80.0%)","severity":"warning","value":101.51},{"alert_type":"volatility","coin":"LTC","message":"LTC annualized volatility: 85.3% (threshold: 80.0%)","severity":"warning","value":85.3},{"alert_type":"volatility","coin":"SOL","message":"SOL annualized volatility: 108.0% (threshold: 80.0%)","severity":"warning","value":107.99},{"alert_type":"portfolio_var","coin":"PORTFOLIO","message":"Portfolio 1-day VaR(95%): -5.4% - elevated risk","severity":"warning","value":-5.39},{"alert_type":"correlation","coin":"ADA/AVAX","message":"High correlation (0.91) between ADA and AVAX - limited diversification","severity":"info","value":0.9116},{"alert_type":"correlation","coin":"ADA/DOGE","message":"High correlation (0.92) between ADA and DOGE - limited diversification","severity":"info","value":0.9232},{"alert_type":"correlation","coin":"ADA/LINK","message":"High correlation (0.93) between ADA and LINK - limited diversification","severity":"info","value":0.9278},{"alert_type":"correlation","coin":"ADA/NEAR","message":"High correlation (0.92) between ADA and NEAR - limited diversification","severity":"info","value":0.9193},{"alert_type":"correlation","coin":"AVAX/LINK","message":"High correlation (0.92) between AVAX and LINK - limited diversification","severity":"info","value":0.9155},{"alert_type":"correlation","coin":"AVAX/NEAR","message":"High correlation (0.91) between AVAX and NEAR - limited diversification","severity":"info","value":0.9092},{"alert_type":"correlation","coin":"BNB/BTC","message":"High correlation (0.90) between BNB and BTC - limited diversification","severity":"info","value":0.904},{"alert_type":"correlation","coin":"BNB/LINK","message":"High correlation (0.90) between BNB and LINK - limited diversification","severity":"info","value":0.9027},{"alert_type":"correlation","coin":"BTC/ETH","message":"High correlation (0.92) between BTC and ETH - limited diversification","severity":"info","value":0.9168},{"alert_type":"correlation","coin":"BTC/SOL","message":"High correlation (0.91) between BTC and SOL - limited diversification","severity":"info","value":0.9135},{"alert_type":"correlation","coin":"DOT/NEAR","message":"High correlation (0.93) between DOT and NEAR - limited diversification","severity":"info","value":0.9258},{"alert_type":"correlation","coin":"ETH/LINK","message":"High correlation (0.94) between ETH and LINK - limited diversification","severity":"info","value":0.9404},{"alert_type":"correlation","coin":"ETH/SOL","message":"High correlation (0.92) between ETH and SOL - limited diversification","severity":"info","value":0.9231},{"alert_type":"correlation","coin":"LINK/LTC","message":"High correlation (0.91) between LINK and LTC - limited diversification","severity":"info","value":0.9051},{"alert_type":"correlation","coin":"LINK/NEAR","message":"High correlation (0.91) between LINK and NEAR - limited diversification","severity":"info","value":0.906},{"alert_type":"correlation","coin":"LINK/SOL","message":"High correlation (0.94) between LINK and SOL - limited diversification","severity":"info","value":0.9357},{"alert_type":"correlation","coin":"LTC/NEAR","message":"High correlation (0.91) between LTC and NEAR - limited diversification","severity":"info","value":0.9104}],"concentration":{"btc_weight_pct":0,"eth_weight_pct":0,"top3_coins":[],"top3_weight_pct":0,"total_market_cap_usd":0,"warnings":["Could not fetch market cap data from CoinGecko"]},"correlation_matrix":{"coins":["ADA","ATOM","AVAX","BNB","BTC","DOGE","DOT","ETH","LINK","LTC","NEAR","SOL"],"values":[[1.0,0.699,0.9116,0.8264,0.8267,0.9232,0.8972,0.8691,0.9278,0.8901,0.9193,0.8715],[0.699,1.0,0.6904,0.6172,0.6062,0.6761,0.5654,0.6194,0.6717,0.6755,0.6675,0.6313],[0.9116,0.6904,1.0,0.8382,0.8386,0.8771,0.8787,0.8722,0.9155,0.88,0.9092,0.8665],[0.8264,0.6172,0.8382,1.0,0.904,0.8085,0.7648,0.8953,0.9027,0.8522,0.8311,0.8947],[0.8267,0.6062,0.8386,0.904,1.0,0.7929,0.7224,0.9168,0.8983,0.8492,0.8177,0.9135],[0.9232,0.6761,0.8771,0.8085,0.7929,1.0,0.8136,0.8196,0.8742,0.8328,0.851,0.8389],[0.8972,0.5654,0.8787,0.7648,0.7224,0.8136,1.0,0.7893,0.8604,0.8575,0.9258,0.795],[0.8691,0.6194,0.8722,0.8953,0.9168,0.8196,0.7893,1.0,0.9404,0.846,0.8543,0.9231],[0.9278,0.6717,0.9155,0.9027,0.8983,0.8742,0.8604,0.9404,1.0,0.9051,0.906,0.9357],[0.8901,0.6755,0.88,0.8522,0.8492,0.8328,0.8575,0.846,0.9051,1.0,0.9104,0.8731],[0.9193,0.6675,0.9092,0.8311,0.8177,0.851,0.9258,0.8543,0.906,0.9104,1.0,0.8586],[0.8715,0.6313,0.8665,0.8947,0.9135,0.8389,0.795,0.9231,0.9357,0.8731,0.8586,1.0]]},"individual_risk":{"ADA":{"cvar_95_1d":-8.69,"max_dd_30d":-26.68,"var_95_1d":-6.31,"volatility_30d":109.31},"ATOM":{"cvar_95_1d":-7.22,"max_dd_30d":-21.14,"var_95_1d":-5.81,"volatility_30d":81.77},"AVAX":{"cvar_95_1d":-9.08,"max_dd_30d":-24.76,"var_95_1d":-5.86,"volatility_30d":102.13},"BNB":{"cvar_95_1d":-7.87,"max_dd_30d":-32.64,"var_95_1d":-4.1,"volatility_30d":79.39},"BTC":{"cvar_95_1d":-7.15,"max_dd_30d":-25.85,"var_95_1d":-4.51,"volatility_30d":83.28},"DOGE":{"cvar_95_1d":-9.27,"max_dd_30d":-24.61,"var_95_1d":-5.99,"volatility_30d":111.29},"DOT":{"cvar_95_1d":-9.22,"max_dd_30d":-28.45,"var_95_1d":-6.53,"volatility_30d":150.26},"ETH":{"cvar_95_1d":-9.21,"max_dd_30d":-35.36,"var_95_1d":-6.33,"volatility_30d":105.2},"LINK":{"cvar_95_1d":-8.26,"max_dd_30d":-28.75,"var_95_1d":-5.94,"volatility_30d":101.51},"LTC":{"cvar_95_1d":-8.18,"max_dd_30d":-23.32,"var_95_1d":-5.38,"volatility_30d":85.3},"NEAR":{"cvar_95_1d":-11.39,"max_dd_30d":-30.03,"var_95_1d":-7.67,"volatility_30d":121.88},"SOL":{"cvar_95_1d":-8.88,"max_dd_30d":-33.89,"var_95_1d":-6.01,"volatility_30d":107.99}},"portfolio_summary":{"portfolio_cvar_95_1d":-8.15,"portfolio_var_95_1d":-5.39,"risk_level":"CRITICAL","total_coins":12},"timestamp":"2026-02-27T19:01:13.338717"}
