{
  "timestamp": "2026-02-28T08:00:28.271803",
  "portfolio_summary": {
    "total_coins": 13,
    "portfolio_var_95_1d": -5.19,
    "portfolio_cvar_95_1d": -8.16,
    "risk_level": "CRITICAL"
  },
  "correlation_matrix": {
    "coins": [
      "ADA",
      "ATOM",
      "AVAX",
      "BNB",
      "BTC",
      "DOGE",
      "DOT",
      "ETH",
      "LINK",
      "LTC",
      "NEAR",
      "SOL",
      "XRP"
    ],
    "values": [
      [
        1.0,
        0.7098,
        0.9129,
        0.8244,
        0.8236,
        0.9246,
        0.8981,
        0.8669,
        0.9276,
        0.8884,
        0.9229,
        0.8742,
        0.8356
      ],
      [
        0.7098,
        1.0,
        0.695,
        0.6245,
        0.6223,
        0.6808,
        0.5709,
        0.6333,
        0.6798,
        0.6905,
        0.6953,
        0.6357,
        0.6167
      ],
      [
        0.9129,
        0.695,
        1.0,
        0.8373,
        0.8418,
        0.8767,
        0.8796,
        0.8749,
        0.9158,
        0.8839,
        0.9233,
        0.8668,
        0.783
      ],
      [
        0.8244,
        0.6245,
        0.8373,
        1.0,
        0.9047,
        0.8076,
        0.7647,
        0.8945,
        0.9014,
        0.8519,
        0.8362,
        0.8951,
        0.8194
      ],
      [
        0.8236,
        0.6223,
        0.8418,
        0.9047,
        1.0,
        0.7952,
        0.7237,
        0.9142,
        0.8987,
        0.8458,
        0.8131,
        0.9197,
        0.89
      ],
      [
        0.9246,
        0.6808,
        0.8767,
        0.8076,
        0.7952,
        1.0,
        0.8143,
        0.8212,
        0.8741,
        0.8358,
        0.8629,
        0.8389,
        0.8292
      ],
      [
        0.8981,
        0.5709,
        0.8796,
        0.7647,
        0.7237,
        0.8143,
        1.0,
        0.7913,
        0.862,
        0.8583,
        0.9359,
        0.798,
        0.6913
      ],
      [
        0.8669,
        0.6333,
        0.8749,
        0.8945,
        0.9142,
        0.8212,
        0.7913,
        1.0,
        0.9408,
        0.8437,
        0.8542,
        0.9277,
        0.8367
      ],
      [
        0.9276,
        0.6798,
        0.9158,
        0.9014,
        0.8987,
        0.8741,
        0.862,
        0.9408,
        1.0,
        0.9067,
        0.9148,
        0.9366,
        0.8499
      ],
      [
        0.8884,
        0.6905,
        0.8839,
        0.8519,
        0.8458,
        0.8358,
        0.8583,
        0.8437,
        0.9067,
        1.0,
        0.9095,
        0.8798,
        0.7969
      ],
      [
        0.9229,
        0.6953,
        0.9233,
        0.8362,
        0.8131,
        0.8629,
        0.9359,
        0.8542,
        0.9148,
        0.9095,
        1.0,
        0.8754,
        0.7833
      ],
      [
        0.8742,
        0.6357,
        0.8668,
        0.8951,
        0.9197,
        0.8389,
        0.798,
        0.9277,
        0.9366,
        0.8798,
        0.8754,
        1.0,
        0.8469
      ],
      [
        0.8356,
        0.6167,
        0.783,
        0.8194,
        0.89,
        0.8292,
        0.6913,
        0.8367,
        0.8499,
        0.7969,
        0.7833,
        0.8469,
        1.0
      ]
    ]
  },
  "individual_risk": {
    "ADA": {
      "var_95_1d": -5.52,
      "cvar_95_1d": -8.61,
      "max_dd_30d": -26.68,
      "volatility_30d": 109.4
    },
    "ATOM": {
      "var_95_1d": -5.81,
      "cvar_95_1d": -7.22,
      "max_dd_30d": -21.84,
      "volatility_30d": 81.91
    },
    "AVAX": {
      "var_95_1d": -5.92,
      "cvar_95_1d": -9.08,
      "max_dd_30d": -24.76,
      "volatility_30d": 102.38
    },
    "BNB": {
      "var_95_1d": -4.11,
      "cvar_95_1d": -7.87,
      "max_dd_30d": -32.64,
      "volatility_30d": 79.36
    },
    "BTC": {
      "var_95_1d": -4.5,
      "cvar_95_1d": -6.99,
      "max_dd_30d": -25.85,
      "volatility_30d": 83.15
    },
    "DOGE": {
      "var_95_1d": -6.0,
      "cvar_95_1d": -9.27,
      "max_dd_30d": -24.61,
      "volatility_30d": 111.42
    },
    "DOT": {
      "var_95_1d": -6.57,
      "cvar_95_1d": -9.22,
      "max_dd_30d": -28.45,
      "volatility_30d": 150.32
    },
    "ETH": {
      "var_95_1d": -6.28,
      "cvar_95_1d": -9.21,
      "max_dd_30d": -35.36,
      "volatility_30d": 105.17
    },
    "LINK": {
      "var_95_1d": -5.96,
      "cvar_95_1d": -8.26,
      "max_dd_30d": -28.75,
      "volatility_30d": 101.51
    },
    "LTC": {
      "var_95_1d": -5.19,
      "cvar_95_1d": -8.04,
      "max_dd_30d": -23.32,
      "volatility_30d": 85.49
    },
    "NEAR": {
      "var_95_1d": -6.82,
      "cvar_95_1d": -10.4,
      "max_dd_30d": -30.03,
      "volatility_30d": 122.1
    },
    "SOL": {
      "var_95_1d": -6.01,
      "cvar_95_1d": -8.88,
      "max_dd_30d": -33.89,
      "volatility_30d": 108.03
    },
    "XRP": {
      "var_95_1d": -4.89,
      "cvar_95_1d": -8.44,
      "max_dd_30d": -32.77,
      "volatility_30d": 117.84
    }
  },
  "concentration": {
    "btc_weight_pct": 56.11,
    "eth_weight_pct": 9.92,
    "top3_weight_pct": 73.88,
    "top3_coins": [
      "BTC",
      "ETH",
      "USDT"
    ],
    "total_market_cap_usd": 2336305415888.0,
    "warnings": [
      "BTC dominance very high at 56.1% - market heavily concentrated"
    ]
  },
  "alerts": [
    {
      "severity": "critical",
      "alert_type": "drawdown",
      "coin": "ADA",
      "message": "ADA 30d max drawdown: -26.7%",
      "value": -26.68
    },
    {
      "severity": "critical",
      "alert_type": "drawdown",
      "coin": "ATOM",
      "message": "ATOM 30d max drawdown: -21.8%",
      "value": -21.84
    },
    {
      "severity": "critical",
      "alert_type": "drawdown",
      "coin": "AVAX",
      "message": "AVAX 30d max drawdown: -24.8%",
      "value": -24.76
    },
    {
      "severity": "critical",
      "alert_type": "drawdown",
      "coin": "BNB",
      "message": "BNB 30d max drawdown: -32.6%",
      "value": -32.64
    },
    {
      "severity": "critical",
      "alert_type": "drawdown",
      "coin": "BTC",
      "message": "BTC 30d max drawdown: -25.9%",
      "value": -25.85
    },
    {
      "severity": "critical",
      "alert_type": "drawdown",
      "coin": "DOGE",
      "message": "DOGE 30d max drawdown: -24.6%",
      "value": -24.61
    },
    {
      "severity": "critical",
      "alert_type": "drawdown",
      "coin": "DOT",
      "message": "DOT 30d max drawdown: -28.4%",
      "value": -28.45
    },
    {
      "severity": "critical",
      "alert_type": "volatility",
      "coin": "DOT",
      "message": "DOT annualized volatility: 150.3% (threshold: 80.0%)",
      "value": 150.32
    },
    {
      "severity": "critical",
      "alert_type": "drawdown",
      "coin": "ETH",
      "message": "ETH 30d max drawdown: -35.4%",
      "value": -35.36
    },
    {
      "severity": "critical",
      "alert_type": "drawdown",
      "coin": "LINK",
      "message": "LINK 30d max drawdown: -28.8%",
      "value": -28.75
    },
    {
      "severity": "critical",
      "alert_type": "drawdown",
      "coin": "LTC",
      "message": "LTC 30d max drawdown: -23.3%",
      "value": -23.32
    },
    {
      "severity": "critical",
      "alert_type": "drawdown",
      "coin": "NEAR",
      "message": "NEAR 30d max drawdown: -30.0%",
      "value": -30.03
    },
    {
      "severity": "critical",
      "alert_type": "volatility",
      "coin": "NEAR",
      "message": "NEAR annualized volatility: 122.1% (threshold: 80.0%)",
      "value": 122.1
    },
    {
      "severity": "critical",
      "alert_type": "drawdown",
      "coin": "SOL",
      "message": "SOL 30d max drawdown: -33.9%",
      "value": -33.89
    },
    {
      "severity": "critical",
      "alert_type": "drawdown",
      "coin": "XRP",
      "message": "XRP 30d max drawdown: -32.8%",
      "value": -32.77
    },
    {
      "severity": "warning",
      "alert_type": "volatility",
      "coin": "ADA",
      "message": "ADA annualized volatility: 109.4% (threshold: 80.0%)",
      "value": 109.4
    },
    {
      "severity": "warning",
      "alert_type": "volatility",
      "coin": "ATOM",
      "message": "ATOM annualized volatility: 81.9% (threshold: 80.0%)",
      "value": 81.91
    },
    {
      "severity": "warning",
      "alert_type": "volatility",
      "coin": "AVAX",
      "message": "AVAX annualized volatility: 102.4% (threshold: 80.0%)",
      "value": 102.38
    },
    {
      "severity": "warning",
      "alert_type": "volatility",
      "coin": "BTC",
      "message": "BTC annualized volatility: 83.2% (threshold: 80.0%)",
      "value": 83.15
    },
    {
      "severity": "warning",
      "alert_type": "volatility",
      "coin": "DOGE",
      "message": "DOGE annualized volatility: 111.4% (threshold: 80.0%)",
      "value": 111.42
    },
    {
      "severity": "warning",
      "alert_type": "volatility",
      "coin": "ETH",
      "message": "ETH annualized volatility: 105.2% (threshold: 80.0%)",
      "value": 105.17
    },
    {
      "severity": "warning",
      "alert_type": "volatility",
      "coin": "LINK",
      "message": "LINK annualized volatility: 101.5% (threshold: 80.0%)",
      "value": 101.51
    },
    {
      "severity": "warning",
      "alert_type": "volatility",
      "coin": "LTC",
      "message": "LTC annualized volatility: 85.5% (threshold: 80.0%)",
      "value": 85.49
    },
    {
      "severity": "warning",
      "alert_type": "volatility",
      "coin": "SOL",
      "message": "SOL annualized volatility: 108.0% (threshold: 80.0%)",
      "value": 108.03
    },
    {
      "severity": "warning",
      "alert_type": "volatility",
      "coin": "XRP",
      "message": "XRP annualized volatility: 117.8% (threshold: 80.0%)",
      "value": 117.84
    },
    {
      "severity": "warning",
      "alert_type": "portfolio_var",
      "coin": "PORTFOLIO",
      "message": "Portfolio 1-day VaR(95%): -5.2% - elevated risk",
      "value": -5.19
    },
    {
      "severity": "info",
      "alert_type": "correlation",
      "coin": "ADA/AVAX",
      "message": "High correlation (0.91) between ADA and AVAX - limited diversification",
      "value": 0.9129
    },
    {
      "severity": "info",
      "alert_type": "correlation",
      "coin": "ADA/DOGE",
      "message": "High correlation (0.92) between ADA and DOGE - limited diversification",
      "value": 0.9246
    },
    {
      "severity": "info",
      "alert_type": "correlation",
      "coin": "ADA/LINK",
      "message": "High correlation (0.93) between ADA and LINK - limited diversification",
      "value": 0.9276
    },
    {
      "severity": "info",
      "alert_type": "correlation",
      "coin": "ADA/NEAR",
      "message": "High correlation (0.92) between ADA and NEAR - limited diversification",
      "value": 0.9229
    },
    {
      "severity": "info",
      "alert_type": "correlation",
      "coin": "AVAX/LINK",
      "message": "High correlation (0.92) between AVAX and LINK - limited diversification",
      "value": 0.9158
    },
    {
      "severity": "info",
      "alert_type": "correlation",
      "coin": "AVAX/NEAR",
      "message": "High correlation (0.92) between AVAX and NEAR - limited diversification",
      "value": 0.9233
    },
    {
      "severity": "info",
      "alert_type": "correlation",
      "coin": "BNB/BTC",
      "message": "High correlation (0.90) between BNB and BTC - limited diversification",
      "value": 0.9047
    },
    {
      "severity": "info",
      "alert_type": "correlation",
      "coin": "BNB/LINK",
      "message": "High correlation (0.90) between BNB and LINK - limited diversification",
      "value": 0.9014
    },
    {
      "severity": "info",
      "alert_type": "correlation",
      "coin": "BTC/ETH",
      "message": "High correlation (0.91) between BTC and ETH - limited diversification",
      "value": 0.9142
    },
    {
      "severity": "info",
      "alert_type": "correlation",
      "coin": "BTC/SOL",
      "message": "High correlation (0.92) between BTC and SOL - limited diversification",
      "value": 0.9197
    },
    {
      "severity": "info",
      "alert_type": "correlation",
      "coin": "DOT/NEAR",
      "message": "High correlation (0.94) between DOT and NEAR - limited diversification",
      "value": 0.9359
    },
    {
      "severity": "info",
      "alert_type": "correlation",
      "coin": "ETH/LINK",
      "message": "High correlation (0.94) between ETH and LINK - limited diversification",
      "value": 0.9408
    },
    {
      "severity": "info",
      "alert_type": "correlation",
      "coin": "ETH/SOL",
      "message": "High correlation (0.93) between ETH and SOL - limited diversification",
      "value": 0.9277
    },
    {
      "severity": "info",
      "alert_type": "correlation",
      "coin": "LINK/LTC",
      "message": "High correlation (0.91) between LINK and LTC - limited diversification",
      "value": 0.9067
    },
    {
      "severity": "info",
      "alert_type": "correlation",
      "coin": "LINK/NEAR",
      "message": "High correlation (0.91) between LINK and NEAR - limited diversification",
      "value": 0.9148
    },
    {
      "severity": "info",
      "alert_type": "correlation",
      "coin": "LINK/SOL",
      "message": "High correlation (0.94) between LINK and SOL - limited diversification",
      "value": 0.9366
    },
    {
      "severity": "info",
      "alert_type": "correlation",
      "coin": "LTC/NEAR",
      "message": "High correlation (0.91) between LTC and NEAR - limited diversification",
      "value": 0.9095
    }
  ]
}